001
002
003
004
005
006
007
008
009
010
011
012
012B 
013
014
015
016
017
018
019
020
021
022
023
024
024B
025
026
027
028
029
030
031
031B 
032
032B
033
033B
034
035
036
037
037B 
038
039
040
040B 
041
042
043
044
045
045B 
046
047
048
048B 
049
050
051
052
053
054
055
056
057
058
058B 
059
060
061
062
063
064
064B 
065
065B 
066
067
068
069
070
071
071B 
072
073
074
075
076
077
078
079
080
080B 
081
081B 
082
083
084
084B 
085
085B 
086
086B 
087
088
088B 
089
089B 
090
090B 
091
091B 
092
093
094
095
096
097
098
099
100
101
101B 
102
102B 
103
104
104B
105
106
107
108
109
110
110B 
111
